
10
23
41
43
51
53
67
69
71
73
91
93
95
99
117
127
138
145
159
161
194
213
215
221
224
227
280
292
300
333
355
357
371
393
399
509
533
541
545
553
555
590
612
614
618
620
626
628
656
658
733
741
750
754
825
842
844
846
882
1061
1120
1207
1224
1284
1368
1575
1637
1669
1781
1783
1799
2121
2790
3822
3824
4222
4490
4776
4778
4780
4790
4803
4963
5022
5190
6491
6507
7533
7667
7918
8068
9072
9080
9588
10129
10147
10355
10359
10712
10727
10870
10950
11167
12267
12575
12797
12869
13004
13009
13198
13224
13431
14068
14120
14122
14126
14128
14737
14739
14964
15003
15009
15013
15041
15324
15329
15441
15508
15558
15629
15661
15663
15669
15715
15955
16121
16184
16520
16537
16630
16657
16955
17497
17636
17871
17879
18023
18027
18075
18265
18285
18314
18425
18427
18437
18465
18486
18722
18759
18761
18763
18765
18923
19113
19208
19210
19212
19220
19239
19262
19264
19278
19280
19287
19331
19353
19358
19459
19784
19863
19879
19895
19967
20006
20010
20047
20049
20076
20990
22910
23215
23339
23537
23586
23592
23616
23800
23846
23981
23983
24052
24054
24443
24447
24843
24933
25136
25138
25140
25142
25186
25928
26446
27046
27086
27146
27162
27166
27608
27614
27618
27635
27639
27641
28084
28119
28288
28650
28937
28943
29095
29398
29400
29402
29406
29515
30187
30212
30214
30220
30224
30293
30306
30340
30517
30633
30644
30646
30708
30775
30777
31306
31308
31310
31314
31320
31322
31324
31416
31465
31521
31962
31976
31978
32017
32233
32368
32577
32579
32581
32587
32647
32689
32738
32740
32742
32744
32746
32853
33318
33335
33358
33467
33469
33655
33705
33742
33746
33967
33969
34112
34148
34188
34295
34307
34409
34900
34989
34998
35267
35461
35463
35645
35647
35658
35691
35697
36007
36043
36153
36240
36369
36405
36433
36460
36966
36973
37073
37079
37085
37186
37198
37237
37518
37647
37703
37710
38404
38406
38541
38846
39218
39222
39224
39247
39563
39702
39710
40919
40921
40934
40947
40949
40951
41006
41412
41499
41583
41585
41587
41755
41987
41989
42219
42259
43048
43050
43052
43521
43523
43569
43577
43579
43920
44069
44418
44568
44600
44606
44610
44614
44667
44962
45015
45069
45081
45104
45181
45194
45640
45757
45761
45763
45765
45769
45773
45859
45981
46103
46336
46818
46862
46886
47058
47376
47380
47449
47508
47572
47723
47964
47985
48161
48401
48405
48407
48409
48428
49204
49438
50389
50395
50919
50921
50965
51071
51133
51163
51819
51872
52061
52254
52680
52759
52791
52878
53118
53135
54565
54571
54611
54677
55018
55041
96693
96697
96701
96871
97240
97289
97384
97401
97531
97545
97602
97715
97720
97882
98152
98156
98160
98164
98178
98320
98470
98484
98490
98632
98636
98642
98732
98940
98945
99039
99044
99049
99079
99084
99099
99138
99143
99148
99153
99168
99453
99459
99977
100045
100063
100088
100176
100184
100380
100509
100976
101321
101570
101582
101588
101618
102216
102246
102261
102280
102385
102510
102537
102539
102715
102785
102836
102838
102996
103029
103071
103104
103162
103276
103288
103300
103417
103427
103434
103443
103605
103976
104016
104032
104044
104052
104176
104293
104462
104499
104932
104963
104967
105029
105063
105078
105082
105106
105126
105154
105336
105387
105389
105420
105424
105493
105508
105524
105529
105537
105543
105622
105631
105640
105658
105683
105688
105694
105700
105706
105858
105940
105967
106040
106118
106267
106278
106445
106450
106474
106600
106609
106944
106946
106948
106997
107014
107471
107581
107912
107918
107920
108091
108105
108135
108428
108430
108680
108686
108743
108764
108808
109021
109255
109292
109359
109363
109367
109450
109491
109977
110329
110612
110681
110688
110713
110720
110842
110844
110852
110854
110860
110936
111155
111322
111392
111442
111506
112019
112031
112041
112604
112611
112758
112760
112857
112891
113001
113748
113754
113917
113919
113971
113977
113983
114099
114176
114389
114394
114403
114412
114421
114433
114571
114583
114585
114587
114634
114704
114941
115197
115351
115591
115597
115623
115754
115967
115979
116130
116802
116814
116818
116826
116828
116900
116902
116922
116930
116932
117017
117175
117322
117326
117330
117342
117359
117469
117529
117751
117772
118236
118244
118834
118869
118871
118875
118877
118879
118881
118885
118887
118889
119000
119158
119544
119546
119582
119601
119822
119872
119921
119978
119984
119988
119992
120131
120379
120413
120642
120690
120692
120706
120837
120944
120970
121193
121202
121421
121644
121652
121654
121680
121897
121901
121909
121942
121955
121973
122261
122282
122302
122316
122318
122322
122324
122338
122420
122431
122513
122522
122563
122623
122805
122826
122837
122930
122935
122940
122980
123016
123064
123271
123422
123424
123448
123522
123524
123536
123538
123540
123542
123598
123615
123750
123752
123771
123786
123805
123816
123824
123832
123834
123848
123966
124088
124093
124121
124263
124501
124503
124549
124588
124610
124672
124728
124757
124781
124791
124844
125159
125163
125167
125181
125191
125203
125293
125300
125310
125424
125432
125460
125472
125497
125503
125509
125521
125556
125677
125721
125774
125830
125917
125932
125997
126044
126236
126271
126361
126396
126410
126414
126416
126420
126424
126665
126670
126675
126680
126685
126690
126699
126703
126708
126758
126763
126778
126845
126853
126857
126896
127060
127468
127575
127607
127675
127685
127697
127699
127707
127715
127845
127892
127978
127991
128059
128081
128136
128202
128277
128279
128406
128430
128462
128525
128667
128805
128874
128878
128934
129008
129026
129038
129050
129084
129094
129099
129244
129262
129266
129270
129277
129286
129288
129292
129403
129405
129409
129516
129539
129769
129775
129780
129792
129844
129854
129858
129863
129877
129882
129892
129897
129902
129907
129912
129918
129924
129935
129940
129989
129991
130058
130103
130194
130249
130305
130348
130361
130392
130397
130435
130576
130631
130638
130643
130778
130831
130922
130969
130971
131009
131018
131022
131027
131032
131037
131128
131155
131166
131176
131206
131225
131227
131229
131231
131233
131235
131303
131319
131367
131372
131377
131500
131507
131512
131522
131530
131539
131592
131603
131609
131615
131620
131622
131663
131665
131671
131673
131675
131687
131691
131703
131706
131709
131731
131736
131746
131820
131844
131846
131977
131996
132129
132164
132222
132227
132246
132248
132250
132257
132367
132386
132388
132390
132392
132428
132436
132438
132510
132515
132520
132530
132600
132605
132621
132699
133191
133196
133217
133219
133221
133231
133242
133244
133299
133332
133336
133403
133593
133678
133747
133788
133796
133846
133862
133864
133866
133882
133884
133899
133940
133983
134047
134052
134056
134060
134183
134309
134364
134426
134441
134451
134476
134553
134624
134629
134914
134984
134996
135008
135014
135101
135106
135111
135180
135255
135261
135267
135317
135384
135409
135431
135439
135454
135478
135657
135662
135710
135733
135739
135743
135745
135749
135755
135757
135771
135781
135809
135847
135857
135912
135922
135924
135947
135949
135951
135964
135968
135998
136000
136002
136030
136050
136052
136062
136070
136076
136094
136100
136102
136165
136200
136202
136216
136220
136224
136259
136266
136277
136304
136314
136320
136322
136374
136421
136514
136572
136596
136626
136674
136680
136797
136804
136842
136847
136858
136869
136995
137118
137181
137240
137252
137357
137365
137393
137616
137618
137666
137674
137682
137686
137690
137694
137705
137722
137733
137749
137751
137762
137786
137810
137823
137837
137850
137860
137897
137913
137927
137929
137939
137941
137943
137945
137947
137949
137958
137960
137974
137982
137997
138022
138026
138045
138060
138064
138185
138192
138211
138246
138254
138256
138258
138268
138272
138282
138286
138288
138296
138308
138312
138320
138322
138326
138330
138346
138361
138363
138365
138371
138410
138539
138553
138615
138628
138640
138652
138672
138682
138740
138744
138754
138776
138835
138845
138931
138944
138964
139038
139040
139042
139044
139058
139060
139106
139109
139116
139120
139164
139172
139174
139184
139258
139290
139304
139329
139524
139532
139542
139634
139658
139660
139664
139668
139672
139678
139702
139704
139706
139708
139710
139712
139714
139716
139718
139720
139722
139724
139726
139732
139734
139867
139869
139878
139960
140161
140186
140204
140246
140263
140407
140481
140483
140524
140545
140680
140741
140855
140870
140878
140914
140920
140972
141004
141090
141095
141104
141127
141141
141155
141159
141188
141190
141192
141194
141196
141198
141200
141208
141210
141214
141257
141268
141279
141309
141319
141328
141412
141417
141510
141512
141514
141518
141520
141522
141526
141528
141532
141534
141538
141544
141546
141699
141743
141792
141982
142001
142100
142250
142304
142310
142365
142379
142386
142427
142488
142503
142507
142511
142517
142593
142595
142599
142601
142612
142617
142631
142652
142654
142658
142712
142770
142778
142787
142814
142882
142907
142915
142940
143042
143057
143076
143089
143195
143197
143335
143424
143434
143519
143529
143658
143668
143714
143718
143723
143734
143744
143753
143880
143888
143896
143898
143900
143902
143906
143910
143912
143914
143916
143920
143922
143924
143926
143956
143961
144007
144158
144188
144199
144201
144215
144256
144273
144275
144290
144297
144304
144311
144318
144325
144337
144343
144350
144363
144370
144383
144385
144387
144389
144391
144397
144405
144409
144448
144450
144452
144467
144505
144525
144540
144592
144655
144660
144679
144696
144698
144752
144758
144765
144903
144913
144921
144971
144975
144977
144979
145123
145125
145127
145129
145145
145170
145172
145203
145205
145207
145209
145216
145226
145316
145395
145409
145415
145431
145465
145476
145523
145732
145759
145764
145818
145820
145906
145910
145912
145945
145957
145959
145967
145969
145989
146049
146051
146130
146149
146207
146211
146360
146364
146376
146378
146380
146431
146467
146469
146516
146518
146522
146524
146583
146590
146592
146594
146619
146667
146685
146776
146798
146833
146837
146859
146863
146865
146869
146873
146875
146877
147058
147073
147088
147131
147470
147527
147712
147884
147919
147943
147949
147955
147961
147979
148078
148163
148210
148260
148285
148495
148497
148501
148503
148505
148567
148573
148749
148803
148818
148928
148935
149040
149083
149126
149140
149228
149249
149281
149403
149448
149528
149561
149578
149595
149626
149648
149667
149672
149692
149702
149719
149745
149776
149834
149841
149873
149883
149903
149919
149939
149955
149985
149995
150001
150016
150027
150032
150037
150089
150102
150129
150131
150138
150141
150152
150159
150165
150177
150183
150207
150215
150253
150275
150297
150337
150339
150341
150343
150446
150523
150586
150592
150662
150732
150757
150763
150782
150885
150897
150903
150911
150998
151003
151008
151042
151052
151112
151120
151122
151186
151432
151462
151471
151522
151535
151537
151539
151541
151543
151602
151616
151625
151635
151649
151733
151735
151737
151794
151798
151811
151813
151815
151817
151821
151850
151895
151897
151901
151903
151907
151910
151914
151926
151931
151956
151996
152004
152021
152025
152030
152040
152048
152163
152169
152179
152249
152436
152441
152602
152620
152682
152731
152778
152783
152789
152795
152801
152806
152816
152822
152836
152838
152855
152880
152906
152920
152959
152967
152987
153151
153180
153192
153227
153278
153411
153444
153454
153661
153663
153718
153729
153732
153770
153776
153826
153829
153841
153882
153890
153947
153974
154006
154091
154127
154140
154154
154188
154213
154237
154239
154354
154373
154436
154454
154466
154478
154606
154647
154661
154669
154673
154685
154773
154819
154901
154913
154929
154949
154963
154975
155023
155035
155095
155128
155140
155152
155176
155188
155200
155259
155286
155383
155406
155408
155434
155466
155564
155584
155609
155616
155630
155651
155656
155668
155680
155698
155704
155741
155747
155856
155880
155892
155903
155959
156040
156109
156184
156217
156219
156221
156225
156227
156229
156239
156269
156284
156289
156294
156298
156302
156408
156413
156415
156419
156423
156435
156605
156613
156615
156653
156661
156681
156683
156685
156687
156697
156756
156761
156766
156771
156781
156791
157040
157101
157147
157157
157162
157177
157202
157281
157314
157316
157331
157413
157418
157427
157460
157477
157491
157504
157508
157563
157569
157628
157658
157663
158045
158060
158087
158149
158155
158169
158174
158212
158214
158344
158371
158380
158471
158529
158584
158588
158624
158675
158677
158689
158714
158750
158755
158757
158759
158793
158842
158853
158859
158935
158975
158981
158991
158995
159003
159084
159096
159110
159116
159118
159142
159161
159272
159313
159321
159331
159333
159335
159339
159383
159432
159451
159493
159532
159640
159664
159670
159676
159686
159795
159845
159860
159864
159871
159873
159924
159935
159972
159984
159989
159998
160016
160046
160091
160097
160103
160121
160127
160139
160145
160161
160167
160177
160185
160201
160213
160225
160231
160259
160289
160295
160328
160349
160395
160446
160455
160461
160465
160469
160471
160540
160564
160607
160721
160790
160796
160818
160824
160829
160855
160898
160910
160919
161044
161049
161051
161055
161081
161101
161109
161182
161232
161254
161299
161368
161371
161384
161386
161388
161390
161416
161418
161422
161424
161426
161448
161453
161505
161564
161566
161570
161583
161604
161609
161619
161665
161681
161691
161706
161797
161799
161812
161814
161906
161925
161937
161987
161989
162024
162029
162034
162039
162050
162159
162171
162221
162223
162225
162235
162287
162364
162497
162504
162506
162517
162530
162543
162556
162595
162613
162654
162656
162658
162660
162662
162664
162670
162674
162676
162678
162734
162746
162786
162934
163039
163053
163066
163079
163092
163152
163154
163202
163215
163278
163362
163368
163414
163416
163418
163420
163422
163455
163493
163498
163618
163647
163649
163666
163691
163693
163695
163697
163744
163754
163764
163811
163827
163829
163831
163838
163840
163842
163886
163892
163898
163904
163919
163935
163951
164020
164022
164041
164084
164160
164164
164166
164168
164170
164174
164226
164310
164368
164370
164372
164374
164405
164416
164421
164431
164577
164626
164672
164780
164806
164811
164826
164844
164912
164917
164927
164998
165017
165023
165096
165114
165119
165158
165167
165185
165237
165249
165363
165383
165428
165469
165479
165489
165494
165610
165621
165643
165729
165751
165757
165763
165771
165773
165799
165823
165853
165890
165894
165971
165976
166087
166089
166091
166093
166095
166097
166101
166103
166105
166114
166140
166145
166173
166182
166187
166216
166221
166235
166272
166287
166289
166301
166329
166331
166337
166341
166345
166347
166349
166365
166367
166371
166398
166403
166408
166413
166415
166439
166448
166457
166465
166525
166550
166557
166568
166578
166614
166621
166626
166631
166638
166650
166667
166675
166692
166696
166714
166727
166736
166816
166822
166828
166834
166866
166873
166942
166972
167007
167026
167048
167057
167077
167079
167113
167136
167141
167169
167184
167243
167250
167257
167278
167285
167292
167303
167325
167327
167338
167349
167351
167375
167401
167414
167463
167501
167505
167520
167536
167541
167561
167599
167615
167622
167624
167626
167638
167644
167650
167656
167660
167665
167670
167676
167692
167718
167724
167767
167773
167779
167785
167791
167797
167803
167809
167819
167850
167856
167868
167885
167897
167923
167965
167971
167977
167983
167989
168013
168018
168023
168029
168038
168047
168056
168062
168068
168117
168144
168171
168180
168188
168204
168228
168230
168245
168250
168256
168262
168268
168270
168294
168300
168349
168376
168391
168396
168402
168407
168418
168430
168436
168441
168452
168494
168509
168515
168520
168537
168554
168564
168594
168618
168642
168652
168662
168719
168724
168735
168739
168747
168749
168765
168770
168775
168787
168792
168799
168807
168820
168832
168848
168862
168869
168904
168909
168924
168926
168928
168934
168936
168963
168967
168987
168989
169002
169022
169030
169032
169034
169036
169038
169040
169044
169046
169050
169052
169056
169070
169072
169074
169086
169088
169090
169092
169098
169100
169102
169104
169106
169108
169114
169116
169118
169120
169127
169152
169189
169243
169249
169252
169255
169258
169266
169270
169279
169285
169290
169304
169306
169314
169330
169343
169345
169347
169361
169363
169365
169387
169399
169433
169447
169455
169465
169477
169487
169497
169512
169523
169529
169535
169541
169547
169564
169655
169673
169679
169685
169691
169697
169703
169709
169715
169721
169727
169733
169739
169745
169751
169757
169763
169772
169778
169784
169790
169802
169808
169814
169820
169826
169832
169838
169851
169853
169857
169868
169934
169958
169981
170009
170012
170020
170053
170062
170167
170180
170193
170206
170238
170251
170260
170269
170275
170278
170290
170298
170313
170372
170414
170420
170433
170439
170450
170479
170486
170489
170492
170495
170498
170501
170506
170514
170534
170599
170604
170644
170646
170680
170763
170790
170792
170794
170796
170798
170806
170808
170810
170827
170838
170849
170860
170871
170882
170893
170904
170936
170959
170964
170969
170974
170984
170993
171002
171004
171010
171016
171022
171033
171039
171049
171055
171067
171073
171079
171091
171106
171113
171118
171122
171127
171131
171136
171161
171166
171171
171176
171186
171191
171218
171228
171233
171255
171261
171275
171321
171362
171382
171398
171410
171418
171424
171428
171432
171438
171455
171478
171510
171564
171612
171614
171616
171628
171638
171660
171666
171672
171691
171707
171719
171723
171727
171740
171745
171751
171756
171761
171765
171780
171786
171788
171793
171863
171889
171905
171910
171918
171930
171934
171950
171954
171983
171995
172034
172040
172045
172050
172054
172059
172105
172110
172114
172119
172123
172128
172132
172137
172150
172155
172171
172179
172187
172207
172213
172218
172223
172238
172243
172253
172263
172273
172277
172287
172291
172319
172328
172341
172362
172387
172391
172395
172399
172403
172407
172446
172450
172454
172458
172464
172470
172482
172488
172526
172534
172556
172560
172568
172572
172577
172582
172586
172591
172600
172605
172610
172615
172620
172625
172629
172633
172637
172642
172646
172651
172655
172667
172720
172737
172749
172755
172761
172798
172803
172813
172818
172822
172827
172847
172851
172861
172871
172875
172880
172884
172889
172893
172899
172904
172909
172925
172937
172948
172965
172971
172977
172983
172987
172997
173001
173007
173085
173091
173148
173158
173165
173179
173185
173189
173205
173221
173245
173251
173257
173263
173268
173273
173276
173293
173326
173349
173354
173364
173387
173392
173403
173433
173437
173453
173459
173463
173473
173497
173501
173505
173593
173597
173599
173603
173627
173631
173708
173728
173820
173826
173851
173861
173866
173876
173886
173946
173958
173968
173974
173985
174007
174016
174039
174043
174054
174077
174079
174083
174089
174095
174118
174127
174142
174164
174176
174182
174212
174218
174229
174246
174253
174258
174265
174287
174291
174299
174315
174321
174327
174342
174347
174364
174377
174384
174391
174405
174412
174425
174431
174449
174461
174467
174469
174475
174481
174483
174489
174505
174516
174527
174538
174549
174603
174645
174648
174654
174668
174690
174701
174723
174789
174804
174877
174879
174885
174887
174898
174905
174916
174936
174938
174980
174996
175011
175030
175033
175036
175039
175043
175053
175065
175078
175080
175084
175102
175108
175118
175122
175124
175128
175167
175169
175177
175187
175204
175209
175219
175224
175247
175265
175330
175335
175345
175350
175355
175360
175365
175375
175390
175395
175405
175410
175415
175420
175426
175432
175482
175577
175594
175599
175625
175649
175655
175661
175678
175684
175700
175706
175712
175718
175724
175736
175754
175760
175784
175820
175825
175830
175864
175869
175922
175934
175940
175946
175958
175964
175966
175974
175976
175978
175980
175999
176008
176141
176147
176159
176163
176167
176187
176193
176199
176205
176211
176217
176223
176228
176271
176312
176321
176364
176366
176368
176376
176383
176433
176453
176455
176459
176461
176463
176465
176467
176469
176471
176473
176477
176479
176481
176485
176487
176493
176514
176524
176544
176554
176570
176585
176594
176625
176635
176651
176665
176679
176685
176699
176705
176719
176767
176772
176779
176791
176806
176808
176817
176822
176837
176869
176899
176901
176903
176907
176921
176934
176960
176973
177005
177009
177014
177020
177026
177052
177060
177062
177064
177071
177076
177081
177096
177101
177115
177124
177133
177140
177159
177240
177303
177404
177427
177439
177459
177471
177477
177512
177533
177565
177576
177594
177615
177629
177652
177798
177816
177821
177826
177831
177836
177841
177846
177852
177857
177873
177879
177933
177941
177943
177947
177957
177959
177977
177984
177999
178022
178024
178044
178052
178062
178073
178075
178105
178118
178146
178159
178175
178189
178195
178228
178237
178248
178327
178357
178369
178430
178436
178441
178443
178449
178508
178543
178545
178549
178553
178565
178602
178624
178658
178680
178688
178690
178692
178694
178696
178738
178744
178781
178786
178791
178796
178801
178811
178816
178821
178826
178836
178852
178858
178869
178875
178886
178891
178896
178901
178906
178911
178921
178926
178936
178942
178951
178970
179019
179033
179052
179064
179066
179070
179078
179083
179089
179095
179097
179103
179109
179124
179152
179157
179163
179169
179187
179192
179235
179321
179323
179337
179351
179362
179383
179394
179425
179435
179437
179441
179447
179453
179457
179459
179461
179463
179469
179473
179479
179485
179487
179508
179514
179520
179526
179532
179542
179552
179562
179572
179578
179584
179590
179599
179605
179611
179617
179623
179637
179639
179641
179650
179667
179672
179687
179697
179702
179707
179712
179718
179736
179742
179748
179759
179811
179817
179847
179853
179859
179865
179871
179903
179907
179935
179941
179947
179967
179977
179982
180004
180116
180121
180127
180177
180232
180249
180266
180281
180365
180409
180414
180429
180485
180491
180495
180516
180532
180594
180596
180598
180712
180728
180734
180740
180746
180758
180760
180767
180785
180795
180805
180825
180831
180851
180853
180857
180883
180895
180905
180914
180942
180971
180983
180999
181005
181011
181029
181035
181041
181047
181053
181059
181065
181071
181097
181101
181105
181116
181121
181131
181151
181159
181172
181179
181184
181199
181210
181271
181277
181289
181303
181309
181315
181321
181343
181347
181351
181355
181359
181367
181371
181375
181379
181394
181400
181405
181410
181415
181421
181426
181431
181436
181442
181453
181458
181462
181466
181473
181504
181534
181557
181575
181581
181583
181605
181610
181615
181635
181665
181717
181781
181786
181791
181796
181801
181811
181816
181826
181841
181846
181861
181866
181871
181891
181900
181902
181916
181926
181931
181941
181946
181951
181962
181972
181993
181999
182005
182011
182017
182025
182027
182029
182031
182037
182042
182052
182072
182077
182087
182097
182112
182117
182122
182146
182160
182191
182261
182281
182308
182315
182330
182357
182363
182369
182393
182410
182420
182428
182434
182454
182469
182487
182489
182497
182513
182519
182521
182532
182541
182546
182551
182558
182574
182582
182590
182595
182600
182605
182610
182622
182666
182670
182672
182674
182716
182718
182720
182725
182730
182747
182768
182774
182788
182793
182798
182803
182808
182813
182840
182846
182859
182864
182868
182873
182924
182973
182979
182985
182991
182995
183013
183019
183024
183041
183048
183067
183069
183081
183087
183092
183121
183126
183131
183137
183181
183187
183193
183198
183204
183210
183222
183232
183313
183319
183325
183333
183356
183373
183378
183383
183393
183401
183406
183411
183418
183423
183428
183433
183467
183471
183475
183481
183493
183499
183505
183511
183517
183523
183529
183535
183541
183549
183551
183563
183574
183580
183586
183632
183646
183661
183675
183690
183703
183729
183803
183817
183883
183885
183887
183889
183943
183949
183955
183967
183994
184082
184097
184102
184112
184117
184168
184209
184245
184251
184257
184278
184281
184321
184326
184366
184402
184406
184410
184419
184430
184432
184434
184438
184440
184444
184446
184448
184458
184474
184478
184490
184508
184514
184524
184530
184533
184541
184547
184553
184559
184575
184602
184615
184632
184661
184668
184673
184678
184684
184692
184704
184710
184723
184744
184751
184753
184758
184763
184768
184773
184778
184783
184801
184817
184819
184825
184827
184831
184835
184839
184847
184853
184883
184941
184943
184945
184950
184952
184957
184962
184967
184973
184979
185027
185052
185057
185063
185069
185099
185139
185169
185175
185192
185198
185204
185206
185208
185227
185249
185278
185290
185307
185321
185346
185351
185371
185393
185399
185414
185516
185522
185614
185623
185632
185638
185647
185653
185665
185673
185679
185685
185693
185708
185717
185726
185735
185737
185739
185826
185835
185844
185868
185874
185877
185880
185882
185884
185886
185894
185904
185915
185926
185937
185948
185975
185983
185991
186002
186020
186025
186104
186116
186146
186163
186174
186185
186190
186195
186200
186205
186215
186220
186244
186250
186260
186263
186265
186267
186271
186275
186277
186285
186287
186289
186293
186297
186305
186311
186317
186323
186341
186347
186354
186358
186363
186378
186447
186467
186544
186548
186625
186627
186629
186643
186646
186648
186652
186656
186660
186664
186670
186676
186692
186697
186707
186712
186723
186728
186739
186745
186751
186753
186758
186828
186849
186857
186908
186914
186920
186926
186932
186938
186956
186966
186972
186978
186984
186996
187020
187072
187078
187090
187120
187124
187134
187136
187138
187226
187228
187230
187232
187234
187236
187238
187240
187335
187340
187363
187391
187397
187403
187410
187417
187424
187431
187433
187453
187460
187478
187491
187554
187566
187572
187578
187596
187608
187620
187651
187656
187712
187718
187724
187729
187734
187738
187740
187742
187748
187754
187760
187766
187772
187808
187814
187873
187879
187886
187943
187949
187961
187967
187973
187978
188007
188013
188019
188025
188031
188050
188062
188071
188081
188084
188086
188088
188090
188102
188158
188171
188192
188205
188215
188225
188235
188245
188308
188320
188322
188361
188393
188395
188401
188407
188413
188419
188425
188431
188437
188443
188449
188455
188467
188473
188479
188485
188491
188497
188503
188509
188515
188521
188527
188533
188539
188545
188551
188557
188562
188567
188573
188579
188585
188591
188611
188625
188649
188655
188668
188681
188726
188732
188738
188756
188762
188768
188774
188780
188786
188792
188838
188840
188851
188862
188873
188886
188888
188890
188892
188894
188896
188898
188902
188906
188910
188946
188948
188954
188960
188972
188978
188984
188990
189000
189006
189012
189018
189024
189091
189100
189118
189132
189139
189152
189157
189162
189167
189172
189177
189191
189267
189276
189348
189354
189364
189439
189441
189443
189453
189455
189457
189459
189461
189463
189467
189469
189471
189473
189477
189479
189481
189483
189485
189487
189489
189495
189499
189501
189507
189509
189511
189513
189515
189519
189533
189565
189572
189604
189606
189608
189610
189612
189614
189616
189618
189621
189623
189625
189627
189631
189642
189689
189695
189701
189717
189719
189721
189723
189725
189729
189731
189733
189735
189737
189739
189741
189743
189745
189747
189749
189751
189753
189755
189775
189781
189793
189799
189811
189817
189823
189851
189853
189855
189857
189859
189861
189863
189865
189867
189869
189871
189875
189877
189887
189889
189893
189900
189905
189911
189917
189923
189929
189935
189941
189981
189987
189989
189993
189995
189999
190001
190007
190019
190033
190048
190063
190078
190091
190105
190120
190134
190144
190146
190148
190150
190152
190154
190156
190158
190160
190162
190164
190168
190202
190208
190210
190212
190222
190228
190230
190232
190234
190240
190258
190264
190270
190276
190282
190288
190294
190306
190312
190318
190324
190330
190342
190348
190354
190391
190400
190406
190412
190418
190448
190454
190460
190472
190478
190484
190503
190516
190529
190543
190559
190575
190591
190604
190618
190634
190651
190675
190687
190693
190699
190711
190729
190735
190759
190771
190783
190789
190795
190800
190805
190845
190850
190860
190862
190868
190892
190910
190933
190938
190961
190979
190985
190997
191009
191015
191021
191027
191039
191045
191051
191060
191064
191066
191068
191072
191074
191097
191115
191120
191125
191138
191151
191172
191207
191217
191228
191233
191248
191271
191308
191310
191315
191323
191328
191333
191338
191343
191348
191353
191366
191386
191401
191406
191412
191417
191422
191427
191432
191437
191442
191447
191458
191464
191476
191481
191488
191504
191509
191537
191550
191564
191578
191594
191603
191608
191617
191634
191643
191652
191679
191688
191697
191706
191717
191728
191739
191750
191761
191772
191784
191796
191807
191818
191829
191841
191863
191874
191885
191894
191903
191912
191921
191930
191939
191958
191963
191969
191976
191982
191988
191994
192000
192006
192018
192046
192057
192071
192085
192117
192135
192144
192153
192171
192189
192207
192216
192225
192234
192243
192252
192256
192260
192264
192268
192272
192281
192299
192303
192320
192333
192357
192368
192379
192381
192383
192385
192389
192395
192401
192407
192412
192417
192419
192421
192423
192425
192427
192429
192431
192433
192435
192441
192447
192453
192459
192461
192463
192465
192524
192528
192534
192540
192546
192558
192564
192576
192582
192588
192594
192606
192612
192614
192616
192618
192620
192622
192624
192626
192628
192630
192632
192639
192641
192659
192661
192678
192695
192698
192712
192717
192723
192729
192736
192738
192746
192748
192765
192769
192771
192775
192780
192785
192790
192803
192805
192871
192880
192887
192889
192892
192894
192897
192925
192927
192933
192945
192951
192962
192967
192974
192981
192988
192994
192999
193004
193006
193008
193010
193014
193016
193018
193022
193028
193030
193032
193036
193056
193072
193077
193095
193113
193115
193124
193135
193150
193152
193154
193156
193160
193162
193164
193166
193168
193170
193172
193196
193198
193200
193237
193243
193249
193255
193261
193267
193273
193278
193286
193305
193331
193337
193343
193349
193351
193353
193373
193375
193377
193379
193381
193383
193385
193387
193389
193391
193393
193395
193399
193401
193409
193422
193424
193437
193442
193447
193452
193459
193466
193473
193478
193480
193491
193493
193495
193497
193506
193514
193522
193541
193544
193552
193559
193566
193580
193585
193595
193600
193604
193608
193614
193620
193623
193626
193629
193632
193635
193681
193686
193691
193699
193711
193723
193735
193747
193761
193774
193786
193802
193815
193821
193827
193833
193839
193844
193849
193886
193898
193928
193958
193965
193972
193977
193982
193987
193992
193997
194002
194007
194012
194026
194033
194047
194052
194057
194067
194072
194078
194084
194090
194102
194108
194118
194128
194133
194157
194163
194169
194175
194181
194187
194193
194197
194199
194201
194205
194207
194209
194211
194215
194219
194221
194225
194227
194229
194231
194233
194235
194239
194251
194253
194259
194261
194263
194265
194267
194269
194271
194275
194301
194305
194309
194315
194359
194364
194395
194406
194408
194410
194412
194416
194418
194423
194430
194432
194454
194456
194471
194486
194492
194507
194513
194521
194529
194543
194545
194547
194551
194553
194555
194561
194563
194565
194578
194589
194599
194601
194603
194615
194629
194635
194652
194657
194662
194667
194672
194677
194682
194719
194727
194733
194739
194745
194751
194757
194763
194769
194775
194781
194787
194793
194799
194811
194817
194823
194829
194846
194857
194862
194864
194881
194887
194893
194899
194905
194911
194919
194970
194976
194982
194988
194994
195000
195006
195022
195027
195032
195039
195047
195073
195078
195088
195129
195136
195141
195146
195187
195192
195197
195215
195220
195226
195232
195242
195248
195254
195260
195266
195272
195278
195284
195290
195296
195302
195308
195314
195320
195326
195332
195338
195344
195350
195356
195362
195368
195374
195389
195404
195409
195424
195437
195443
195449
195455
195461
195470
195502
195518
195532
195547
195560
195594
195607
195612
195618
195624
195632
195644
195671
195676
195682
195697
195701
195711
195716
195721
195727
195743
195748
195754
195760
195818
195820
195822
195826
195855
195877
195886
195901
195906
195920
195922
195924
195926
195928
195931
195934
195937
195940
195945
195963
195969
195975
195983
195992
195997
196002
196007
196017
196027
196037
196052
196057
196062
196069
196071
196073
196094
196100
196102
196108
196110
196112
196147
196157
196162
196167
196178
196184
196187
196190
196193
196200
196202
196206
196208
196243
196245
196251
196310
196312
196318
196320
196322
196324
196326
196331
196335
196348
196350
196352
196359
196361
196363
196365
196368
196371
196374
196376
196414
196421
196426
196433
196442
196444
196446
196472
196499
196527
196529
196535
196571
196576
196606
196615
196628
196648
196677
196701
196731
196735
196757
196796
196801
196805
196818
196823
196837
196849
196855
196871
196881
196921
196923
196927
196931
196935
196939
196941
196944
196950
196956
196962
196968
196974
196992
196998
197004
197016
197022
197028
197070
197083
197095
197104
197106
197110
197120
197136
197141
197146
197152
197158
197170
197176
197207
197217
197223
197236
197253
197260
197274
197288
197302
197328
197376
197389
197395
197409
197423
197437
197451
197468
197483
197499
197525
197539
197566
197595
197609
197623
197639
197656
197672
197686
197700
197712
197736
197784
197790
197796
197798
197802
197806
197808
197810
197814
197820
197828
197838
197840
197842
197854
197856
197858
197860
197862
197864
197866
197868
197870
197872
197874
197876
197878
197880
197895
197910
197923
197940
197944
197946
197948
197950
197952
197958
197960
197968
197970
197976
197978
197986
197993
198003
198008
198013
198015
198024
198036
198069
198109
198113
198121
198125
198137
198149
198161
198222
198242
198251
198265
198290
198295
198324
198329
198339
198345
198380
198385
198396
198401
198406
198411
198478
198482
198484
198486
198492
198499
198504
198508
198510
198512
198516
198518
198523
198528
198533
198538
198543
198549
198555
198561
198566
198571
198576
198581
198583
198585
198587
198589
198591
198593
198595
198607
198612
198617
198622
198626
198630
198634
198638
198641
198643
198645
198647
198651
198657
198659
198661
198663
198691
198705
198707
198709
198711
198713
198726
198739
198741
198754
198785
198787
198820
198845
198872
198887
198899
198912
198941
198946
198948
198950
198972
198977
198982
198987
198993
198998
199004
199009
199014
199019
199024
199029
199034
199039
199053
199065
199095
199113
199115
199117
199119
199121
199123
199129
199131
199135
199137
199139
199142
199147
199152
199157
199163
199168
199173
199178
199183
199193
199198
199203
199208
199218
199223
199228
199239
199244
199251
199258
199265
199272
199278
199285
199290
199295
199300
199310
199320
199325
199330
199335
199340
199345
199350
199355
199357
199359
199362
199366
199368
199370
199372
199380
199385
199390
199412
199418
199424
199429
199440
199457
199468
199473
199475
199477
199479
199481
199507
199531
199549
199561
199569
199588
199600
199606
199612
199624
199636
199652
199668
199700
199710
199720
199737
199742
199747
199752
199767
199782
199797
199812
199827
200213
203741
203794
203800
203811
203819
203830
203841
203850
203863
203864
203865
203866
203867
203868
203870
203877
203889
203899
203900
203903
203904
203911
203913
203915
203917
203919
203921
203923
203925
206381
206418
206425
206431
206448
206459
206464
206465
206466
206467
206469
206476
206478
206480
206489
206490
206491
206514
206518
206531
206532
206533
206534
206542
206562
206564
206573
206574
206577
206578
206579
206580
206582
206583
206584
206585
206587
206595
206598
206607
206614
206615
206617
206618
206619
206620
206623
206624
206625
206626
206627
206628
206629
206632
206648
206649
206652
206655
206656
206657
206659
206660
206665
206666
206679
206684
206689
206694
206699
206704
206709
206719
206720
206723
206729
206733
206749
206757
206761
206768
206773
206801
206823
206827
206832
206838
206839
206840
206841
206842
206843
206844
206845
206846
206848
206849
206850
206851
206853
206870
206879
206881
206882
206887
206892
206897
206908
206913
206916
206918
206925
206930
206941
206951
206961
206962
206970
206975
206980
206985
206990
207001
207011
207016
207021
207181
207182
207183
207216
207222
207236
207245
207254
207265
207266
207267
207268
207269
207270
207272
207273
207274
207275
207276
207277
207278
207279
207280
207281
207282
207283
207284
207285
207288
207290
207292
207294
207301
207302
207304
207309
207314
207329
207334
207335
207336
207342
207343
207348
207349
207350
207351
207352
207358
207368
207373
207376
207385
207388
207391
207417
207418
207419
207420
207421
207422
207423
207424
207579
207601
207651
207652
207653
207655
207656
207657
207658
207659
207660
207661
207671
207676
207681
207779
207780
207781
207782
207783
207784
207785
207786
207787
207803
207808
207810
207812
207814
207943
207951
207956
207957
207958
207960
207961
207964
207967
207968
207969
207970
207971
207973
207975
207981
207983
207986
207989
207995
207996
207997
208003
208009
208010
208016
208017
208023
208024
208025
208026
208027
208028
208029
208030
208031
208032
208033
208035
208041
208042
208043
208044
208049
208056
208058
208064
208066
208072
208074
208076
208082
208084
208086
208088
208090
208092
208094
208097
208099
208101
208103
208105
208107
208109
208113
208115
208117
208119
208121
208123
208128
208130
208132
208149
208160
208171
208204
208225
208229
208231
208237
208265
208275
208278
208279
208282
208285
208294
208297
208300
208327
208330
208336
208340
208358
208557
208563
208577
208581
208587
208593
208599
208611
208662
208664
208666
208670
208672
208675
208677
208679
208681
208683
208685
208687
208691
208693
208697
208699
208701
208703
208705
208707
208709
208711
208713
208715
208717
208719
208722
208726
208728
208730
208732
208734
208736
208738
208740
208742
208744
208746
208750
208752
208754
208756
208758
208760
208819
208839
208845
208852
208854
208858
208864
208870
208874
208887
208893
208901
208903
208904
208905
208910
208915
208921
208922
208923
208929
208932
208934
208936
208938
208946
208948
208950
208954
208956
208960
208962
208966
208968
208972
208975
208978
208986
208994
208996
209029
209034
209039
209052
209057
209062
209075
209087
209118
209280
209281
209282
209283
209289
209290
209292
209293
209294
209295
209296
209297
209298
209299
209300
209301
209309
209312
209318
209319
209320
209337
209342
209343
209345
209349
209351
209352
209357
209358
209359
209360
209362
209363
209369
209373
209377
209381
209385
209386
209388
209390
209396
209402
209403
209404
209410
209416
209417
209418
209419
209420
209422
209424
209426
209428
209429
209431
209436
209438
209443
209448
209453
209459
209465
209470
209475
209480
209485
209490
209495
209500
209505
209510
209515
209520
209525
209530
209535
209540
209545
209550
209555
209560
209574
209588
209601
209615
209635
209639
209653
209667
209671
209677
209683
209689
209699
209731
209742
209749
209759
209770
209782
209783
209784
209789
209817
209836
209841
209884
210129
210161
210176
210184
210213
210226
210232
210252
210254
210267
210273
210279
210285
210291
210296
210331
210338
210366
210402
210414
210443
210455
210478
210490
210513
210519
210531
210537
210543
210549
210555
210561
210567
210573
210579
210602
210614
210625
210637
210647
210648
210691
210693
210700
210706
210710
210712
210714
210729
210738
210740
210742
210747
210757
210762
210772
210777
210787
210792
210797
210813
210817
210823
210829
210834
210849
210854
210860
210866
211174
211198
211204
211207
211209
211211
211213
211215
211217
211221
211223
211225
211227
211229
211231
211233
211235
211239
211241
211243
211248
211256
211258
211260
211262
211264
211266
211268
211280
211285
211295
211305
211310
211315
211316
211321
211323
211325
211327
211329
211331
211333
211341
211346
211351
211356
211361
211366
211371
211376
211381
211386
211391
211396
211401
211411
211426
211429
211432
211435
211455
211460
211475
211480
211485
211505
211524
211526
211528
211530
211536
211538
211540
211542
211546
211582
211588
211604
211620
211635
211637
211642
211647
211652
211654
211656
211661
211665
211669
211672
211674
211677
211680
211682
211684
211690
211696
211701
211709
211713
211719
211723
211726
211729
211732
211735
211738
211750
211751
211752
211753
211754
211756
211757
211759
211760
211761
211937
211938
211939
211958
211959
211960
211961
211962
211963
211969
211970
211971
211972
211973
211974
211975
211976
211977
211978
211982
211984
212023
212029
212036
212042
212050
212062
212069
212078
212087
212092
212094
212097
212100
212102
212106
212109
212111
212113
212115
212118
212121
212123
212125
212127
212129
212134
212145
212146
212149
212154
212166
212176
212178
212180
212185
212187
212189
212191
212193
212195
212201
212206
212208
212210
212215
212217
212221
212226
212228
212230
212232
212234
212240
212242
212272
212274
212277
212282
212284
212285
212286
212287
212288
212289
212290
212291
212293
212294
212295
212297
212298
212299
212300
212301
212306
212307
212308
212309
212311
212312
212313
212314
212315
212324
212332
212333
212334
212335
212336
212337
212338
212342
212343
212344
212345
212346
212347
212348
212349
212353
212354
212355
212378
212383
212388
212393
212398
212403
212408
212413
212419
212425
212431
212437
212443
212449
212455
212461
212467
212479
212484
212487
212488
212489
212490
212491
212492
212493
212498
212503
212513
212613
212618
212623
212628
212632
212633
212639
212644
212648
212660
212661
212668
212675
212682
212699
212705
212718
212919
212925
212931
212938
212941
212942
212948
212954
212959
212964
212969
212970
212982
212992
213025
213034
213082
213084
213086
213097
213108
213119
213130
213132
213134
213136
213138
213140
213142
213146
213150
213154
213156
213159
213161
213178
213181
213185
213187
213188
213244
213245
213250
213255
213260
213265
213283
213290
213300
213301
213311
213332
213364
213369
213387
213389
213393
213395
213409
213413
213414
213416
213418
213420
213422
213436
213438
213444
213446
213449
213451
213453
213455
213486
213500
213530
213545
213573
213742
213744
213746
213748
213750
213802
213807
213814
213829
213841
213851
213863
213869
213875
213887
213891
213909
213915
213921
213925
213929
213935
213941
213949
213951
213962
213964
213967
213972
213992
214007
214008
214009
214010
214011
214012
214013
214022
214023
214024
214027
214028
214031
214042
214043
214069
214079
214081
214083
214087
214089
214091
214273
214278
214283
214288
214293
214298
214303
214308
214314
214320
214326
214337
214342
214347
214352
214357
214362
214367
214377
214382
214387
214398
214410
214416
214428
214434
214439
214450
214456
214461
214466
214476
214481
214486
214494
214496
214498
214500
214502
214504
214506
214512
214513
214514
214516
214517
214519
214520
214521
214522
214523
214524
214526
214527
214548
214561
214564
214569
214623
214625
214635
214642
214651
214656
214662
214668
214675
214681
214687
214692
214707
214763
214773
214783
214794
214804
214819
214827
214833
214838
214843
214848
214903
214904
214906
214910
214923
214929
214935
214975
214977
214979
214981
214983
214985
214987
214989
214991
214993
214995
214997
214999
215001
215008
215010
215012
215014
215016
215018
215020
215022
215027
215029
215032
215034
215036
215041
215048
215050
215055
215057
215062
215064
215069
215074
215089
215099
215106
215108
215110
215112
215114
215116
215122
215130
215135
215136
215142
215145
215146
215148
215149
215153
215159
215168
215171
215172
215173
215179
215185
215218
215241
215262
215264
215266
215268
215270
215276
215278
215283
215285
215287
215314
215329
215337
215339
215341
215345
215347
215349
215351
215353
215396
215397
215403
215409
215415
215447
215460
215465
215537
215543
215555
215560
215565
215629
215682
215698
215703
215710
215723
215725
215735
215737
215742
215747
215752
215757
215759
215760
215761
215762
215763
215764
215765
215766
215770
215772
215774
215792
215797
215799
215801
215803
215805
215807
215817
215819
215821
215823
215825
215827
215829
215831
215833
215835
215837
215839
215841
215843
215845
215847
215849
215855
215857
215859
215862
215866
215868
215874
215876
215881
215883
215885
215887
215889
215891
215897
215901
215903
215905
215907
215909
215911
215913
215915
215917
215919
215921
215923
215925
215927
215929
215931
215933
215935
215937
215939
215941
215943
215945
215947
215949
215951
215953
215955
215957
215959
215961
215963
215965
215967
215969
215971
215999
216001
216003
216005
216007
216019
216021
216023
216027
216107
216112
216117
216122
216134
216139
216141
216142
216143
216144
216145
216148
216150
216151
216152
216153
216155
216157
216161
216165
216171
216177
216179
216181
216183
216185
216189
216200
216215
216228
216230
216232
216234
216236
216244
216250
216262
216268
216298
216300
216301
216304
216305
216306
216307
216310
216312
216317
216466
216468
216487
216498
216501
216504
216509
216525
216527
216560
216565
216575
216580
216581
216583
216715
216725
216726
216727
216736
216742
216744
216750
216756
216762
216768
216774
216780
216786
216804
216805
216880
216890
216896
216902
216908
216914
216920
216943
216949
216954
216959
216964
216969
216974
216979
216990
216995
217001
217007
217019
217032
217036
217041
217053
217059
217065
217067
217071
217073
217085
217095
217097
217102
217107
217117
217122
217127
217132
217239
217241
217246
217257
217262
217267
217282
217292
217304
217321
217323
217328
217329
217330
217331
217332
217338
217339
217344
217349
217351
217357
217358
217364
217366
217371
217382
217413
217434
217518
217617
217623
217629
217641
217653
217660
217662
217717
217749
217751
217756
217766
217771
217794
217798
217808
217812
217820
217822
217824
217826
217828
217830
217832
217849
217864
217882
217905
217906
217907
217908
217909
217910
217911
217912
217913
217914
217915
217916
217918
217923
217928
217929
217932
217934
217937
217945
217955
217960
217965
217970
217975
217978
217983
217985
217987
217991
217997
217998
217999
218000
218074
218098
218103
218108
218113
218118
218123
218128
218137
218139
218141
218143
218145
218151
218157
218163
218169
218176
218179
218180
218212
218219
218220
218221
218222
218223
218225
218247
218274
218298
218315
218319
218325
218374
218378
218384
218391
218448
218450
218452
218474
218475
218476
218477
218484
218498
218508
218514
218516
218518
218524
218541
218556
218669
218675
218681
218706
218712
218718
218730
218736
218742
218749
218755
218770
218784
218793
218798
218807
218816
218828
218834
218840
218850
218855
218860
218861
219278
219284
219286
219288
219292
219297
219306
219308
219310
219317
219322
219327
219337
219347
219353
219359
219365
219371
219377
219389
219391
219393
219395
219400
219406
219408
219419
219424
219429
219439
219444
219461
219463
219468
219474
219480
219485
219490
219492
219494
219499
219504
219509
219511
219513
219518
219520
219522
219524
219528
219532
219546
219548
219550
219559
219561
219562
219563
219593
219625
219648
219653
219658
219663
219668
219681
219683
219729
219731
219733
219745
219756
219767
219769
219771
219777
219783
219789
219791
219793
219795
219801
219803
219805
219807
219809
219811
219813
219817
219823
219829
219833
219851
219853
219855
219860
219862
219866
219874
219881
219890
219899
219901
219906
219911
219916
219926
219931
219933
219964
219966
219971
219976
219981
219988
219993
219999
220005
220007
220009
220014
220020
220026
220031
220036
220042
220048
220053
220059
220208
220210
220215
220221
220223
220228
220233
220238
220247
220248
220249
220250
220276
220278
220279
220281
220283
220287
220333
220348
220356
220360
220364
220372
220393
220395
220397
220410
220420
220425
220430
220431
220432
220433
220434
220435
220491
220506
220507
220515
220538
220544
220550
220552
220558
220560
220566
220580
220586
220592
220598
220604
220610
220616
220619
220620
220624
220690
220700
220709
220715
220727
220736
220742
220748
220755
220766
220771
220772
220774
220781
220787
220800
220807
220813
220819
220827
220832
220837
220842
220871
220877
220882
220892
220904
220910
220916
220937
220951
220956
220961
220966
220971
220977
220983
221058
221064
221075
221080
221111
221119
221121
221122
221128
221130
221132
221134
221136
221230
221235
221243
221261
221268
221270
221272
221274
221304
221314
221319
221324
221329
221334
221339
221350
221361
221363
221365
221367
221392
221397
221402
221407
221412
221418
221425
221436
221442
221451
221457
221473
221477
221481
221485
221526
221528
221577
221583
221595
221606
221611
221616
221621
221626
221639
221641
221647
221658
221666
221672
221765
221770
221775
221795
221803
221807
221816
221825
221835
221844
221850
221856
221862
221872
221877
221882
221884
221888
221890
221892
221894
221896
221898
221922
221924
221930
221934
221981
221986
221991
221996
221998
222000
222002
222004
222008
222014
222021
222076
222081
222082
222086
222089
222091
222093
222095
222296
222302
222308
222314
222320
222326
222332
222338
222343
222348
222349
222350
222351
222352
222353
222356
222357
222358
222359
222365
222367
222368
222369
222434
222440
222445
222450
222455
222460
222461
222462
222463
222466
222469
222473
222475
222481
222490
222531
222533
222538
222540
222543
222549
222570
222611
222618
222665
222667
222669
222670
222671
222672
222673
222676
222677
222679
222680
222715
222721
222733
222745
222751
222757
222778
222784
222796
222802
222804
222805
222811
222820
222825
222830
222836
222842
222847
222852
222857
222862
222867
222872
222877
222956
222957
222959
222963
222965
222970
222975
222980
222989
222991
222993
222997
222999
223001
223008
223014
223020
223026
223028
223038
223186
223188
223193
223208
223213
223220
223288
223290
223292
223294
223296
223298
223300
223302
223304
223306
223308
223310
223312
223314
223316
223330
223342
223348
223354
223360
223361
223362
223363
223364
223365
223366
223367
223368
223369
223380
223396
223412
223755
223766
223777
223783
223791
223796
223797
223803
223808
223809
223815
223817
223822
223827
223832
223837
223842
223855
223887
223898
223906
223912
223923
223937
223943
223960
223962
223968
223970
223973
223977
223979
223981
223983
223985
223987
223995
223997
224056
224062
224073
224078
224080
224083
224166
224168
224177
224188
224190
224195
224196
224197
224198
224205
224210
224215
224220
224226
224232
224238
224244
224297
224302
224307
224312
224317
224327
224332
224337
224342
224347
224352
224357
224364
224379
224381
224383
224385
224390
224392
224401
224409
224417
224443
224579
224581
224596
224600
224626
224628
224646
224668
224670
224672
224683
224721
224726
224731
224736
224741
224746
224760
224762
224764
224766
224768
224770
224776
224785
224790
224805
224811
224816
224818
224820
224826
224828
224830
224832
224834
224836
224838
224840
224845
224850
224859
224861
224863
224865
224870
224875
224885
224892
224897
224951
224957
224963
224969
225203
225205
225210
225364
225369
225374
225419
225424
225427
225430
225509
225545
225557
225563
225569
225575
225597
225615
225682
225693
225695
225697
225715
225736
225741
225743
225748
225750
225752
225759
225761
225766
225772
225781
225783
225788
225793
225798
225803
225807
225809
225817
225821
225825
225829
225833
225841
225846
225857
225863
225874
226009
226014
226019
226024
226029
226032
226034
226036
226038
226040
226058
226063
226065
226067
226071
226073
226075
226079
226081
226087
226089
226093
226095
226097
226133
226218
226235
226236
226258
226264
226270
226276
226282
226288
226294
226300
226319
226321
226327
226329
226331
226333
226339
226341
226343
226345
226347
226350
226352
226357
226359
226364
226369
226497
226531
226537
226543
226563
226569
226575
226598
226604
226615
226617
226623
226639
226643
226646
226648
226653
226658
226663
230234
230307
230310
230311
230337
230338
230348
230368
230378
230383
230386
230390
230406
230408
230412
230413
230414
230419
230420
230421
230422
230423
230424
230425
230426
230429
230430
230431
230432
230434
230435
230438
230446
230447
230448
230455
230456
230457
230461
230462
230464
230465
230466
230476
230495
230504
230508
230517
230520
230534
230535
230536
230538
230539
230543
230544
230545
230546
230547
230551
230552
230554
230556
230577
230580
230582
230584
230587
230599
230600
230601
230602
230604
230613
230614
230631
230632
230633
230634
230635
230636
230646
230647
230648
230654
230660
230661
230662
230663
230664
230666
230671
230673
230674
230677
230688
230689
230690
230691
230692
230693
230694
230695
230696
230697
230698
230699
230700
230747
230752
230757
230762
230767
230772
230777
230783
230788
230794
230800
230806
230812
230817
230822
230832
230838
230844
230850
230856
230862
230868
230874
230880
230886
230934
230939
230944
230955
230960
230969
230974
230979
230980
230988
230992
230996
231000
231006
231012
231018
231024
231042
231048
231054
231060
231066
231072
231078
231084
231090
231096
231102
231107
231111
231116
231121
231126
231131
231136
231141
231146
231151
231156
231161
231166
231171
231185
231191
231197
231209
231215
231251
231256
231261
231276
231281
231291
231292
231298
231304
231309
231314
231320
231329
231331
231332
231338
231344
231346
231353
231354
231497
231502
231507
231512
231522
231527
231544
231562
231567
231573
231578
231584
231602
231644
231684
231689
231695
231697
231699
231701
231705
231713
231719
231724
231729
231734
231739
231744
231749
231754
231759
231765
231770
231781
231793
231805
231810
231815
231820
231825
231831
231837
231849
231855
231861
231881
231887
231893
232000
232006
232012
232018
232024
232030
232036
232042
232048
232071
232077
232099
232105
232111
232117
232123
232257
232262
232279
232285
232307
232313
232319
232320
232325
232330
232335
232392
232397
232434
232439
232444
232449
232454
232464
232469
232475
232481
232487
232493
232499
232504
232510
232515
232521
232526
232531
232537
232543
232559
232564
232569
232574
232579
232584
232599
232604
232609
232614
232619
232625
232631
232637
232638
232644
232649
232654
232665
232681
232687
232692
232697
232711
232723
232743
232744
232745
232747
232752
232757
232802
232807
232812
232814
232819
232834
232884
232889
232965
232972
232974
232976
232978
232991
233009
233018
233020
233022
233024
233026
233028
233030
233032
233034
233036
233038
233040
233042
233044
233046
233048
233050
233052
233058
233064
233070
233072
233084
233126
233128
233133
233135
233137
233139
233141
233143
233423
233427
233429
233435
233443
233445
233450
233455
233460
233465
233470
233489
233505
233552
233558
233569
233575
233593
233595
233605
233610
233614
233704
233710
233716
233722
233728
233957
233963
233969
233975
233981
234027
234045
234057
234068
234074
234085
234257
234263
234269
234275
234281
234292
234297
234302
234307
234312
234317
234322
234327
234332
234337
234342
234347
234352
234357
234362
234367
234372
234377
234382
234392
234397
234402
234407
234409
234414
234419
234424
234429
234434
234439
234460
234463
234468
234473
234478
234483
234488
234490
234496
234497
234502
234510
234518
234521
234525
234526
234527
234597
234602
234612
234639
234650
234655
234805
234816
234821
234826
234849
234903
234908
234915
234928
234933
234938
234943
235103
235109
235121
235135
235140
235163
235169
235174
235179
235184
235194
235204
235210
235225
235241
235247
235253
235259
235265
235271
235277
235279
235296
235302
235308
235314
235320
235326
235332
235339
235345
235351
235358
235364
235372
235413
235414
235617
235622
235696
235702
235708
235714
235720
235725
235730
235735
235740
235777
235783
235789
235794
235799
235804
235809
235851
235896
235911
235917
235929
235933
235937
235941
235947
235953
235959
235965
235975
235980
235985
236002
236041
236072
236077
236084
236089
236328
236331
236342
236363
236374
236379
236385
236391
236396
236401
236406
236411
236416
236422
236428
236434
236439
236441
236443
236448
236453
236458
236463
236480
236486
236491
236496
236519
236524
236529
236534
236580
236608
236613
236618
236655
236660
236665
236670
236676
236682
236688
236694
236700
236706
236712
236717
236722
236772
236778
236786
236791
236796
236802
236824
236828
236830
236832
236834
236836
236838
236843
236980
236982
237025
237135
237150
237154
237155
237373
237375
237377
237379
237381
237389
237394
237398
237402
237406
237411
237415
237421
237428
237430
237432
237434
237436
237442
237454
237458
237462
237466
237470
237620
237622
237626
237628
237630
237632
237634
237636
237638
237640
237642
237644
237646
237648
237650
237652
237654
237656
237658
237660
237662
237664
237666
237738
237799
237813
237824
237830
237831
237833
237835
237837
237843
237845
237847
237849
237851
237853
237869
237878
237887
237905
237913
237922
237992
237998
238000
238036
238097
238105
238111
238118
238136
238141
238150
238179
238181
238183
238187
238189
238191
238193
238197
238199
238205
238223
238229
238234
238239
238273
238277
238285
238293
238297
238301
238307
238313
238319
238325
238331
238373
238379
238391
238411
238421
238437
238439
238441
238463
238469
238475
238481
238487
238493
238499
238505
238511
238517
238518
238524
238594
238601
238607
238620
238627
238641
238655
238662
238669
238676
238683
238690
238696
238702
238714
238720
238727
238732
238743
238748
238754
238759
238760
238761
238787
238852
238867
238899
238904
238905
238906
238907
238909
238910
238916
238921
238948
238953
238958
238963
238968
238978
238983
238988
238993
238998
239003
239015
239023
239024
239025
239026
239031
239036
239041
239046
239051
239087
239092
239098
239113
239152
239158
239169
239174
239178
239184
239198
239201
239204
239205
239206
239209
239210
239227
239228
239229
239323
239325
239333
239335
239342
239343
239359
239362
239380
239385
239399
239404
239409
239414
239416
239422
239429
239434
239440
239442
239448
239450
239452
239458
239463
239468
239473
239478
239483
239488
239493
239498
239503
239508
239514
239520
239525
239530
239540
239545
239552
239554
239556
239558
239560
239562
239567
239584
239680
239686
239692
239698
239709
239715
239721
239727
239733
239739
239745
239751
239757
239763
239769
239775
239781
239788
239794
239800
239806
239812
239818
239824
239830
239836
239842
239848
239849
239855
239861
239867
239868
239874
239875
239881
239887
239888
239894
239904
239910
239916
239922
239927
239942
239947
239952
239957
239963
240061
240073
240079
240091
240109
240116
240122
240128
240134
240140
240153
240158
240163
240173
240175
240177
240179
240184
240189
240194
240199
240208
240210
240214
240220
240221
240222
240224
240254
240256
240260
240264
240548
240553
240554
240559
240564
240574
240589
240595
240601
240607
240608
240609
240610
240616
240622
240628
240634
240640
240646
240652
240658
240664
240670
240678
240680
240682
240684
240686
240688
240690
240692
240698
240700
240702
240704
240706
240710
240714
240718
240720
240722
240726
240728
240730
240731
240735
240736
240741
240767
240864
240870
240875
240880
240900
240946
241033
241040
241047
241054
241061
241066
241073
241079
241085
241091
241095
241101
241107
241113
241118
241124
241129
241135
241137
241143
241157
241163
241169
241170
241171
241187
241197
241202
241204
241206
241208
241210
241212
241214
241216
241223
241256
241261
241266
241279
241347
241352
241357
241362
241367
241372
241446
241451
241456
241461
241517
241519
241520
241521
241533
241535
241540
241545
241550
241555
241560
241565
241570
241575
241580
241585
241594
241603
241636
241637
241638
241639
241643
241648
241653
241659
241684
241690
241696
241702
241833
241839
241840
241846
241855
241860
241893
241899
241905
241911
241936
241941
241953
241958
241973
241987
241992
241997
242002
242009
242019
242024
242047
242140
242146
242176
242188
242190
242195
242200
242202
242204
242206
242208
242213
242218
242223
242228
242233
242238
242254
242261
242263
242325
242334
242352
242358
242423
242442
242443
242449
242451
242453
242455
242462
242481
242496
242497
242498
242503
242504
242511
242512
242513
242514
242515
242516
242517
242518
242519
242520
242521
242522
242523
242524
242525
242528
242721
242722
242751
242752
242760
242790
242791
242805
242806
242820
242860
242866
242872
242878
242991
242992
242998
243001
243006
243008
243013
243018
243077
243082
243094
243096
243098
243107
243116
243117
243118
243119
243120
243122
243124
243125
243316
243321
243323
243328
243333
243387
243401
243403
243409
243413
243415
243472
243477
243482
243487
243492
243497
243511
243517
243523
243531
243540
243549
243558
243617
243657
243669
243670
243672
243674
243676
243678
243680
243682
243684
243688
243692
243696
243698
243700
243705
243710
243737
243744
243750
243766
243772
243778
243779
243780
243781
243782
243783
243813
243818
243823
243828
243834
243840
243965
243977
243998
244012
244019
244024
244029
244035
244041
244047
244052
244055
244060
244091
244102
244107
244114
244129
244135
244185
244187
244189
244191
244241
244249
244251
244253
244255
244257
244267
244272
244277
244282
244297
244302
244307
244309
244362
244363
244372
244373
244375
244434
244447
244453
244461
244467
244473
244475
244483
244585
244591
244603
244631
245078
245086
245090
245092
245104
245105
245106
245107
245108
245208
245220
245227
245233
245238
245244
245249
245261
245375
245427
245429
245435
245437
245439
245441
245451
245460
245572
245720
245722
245731
245743
245744
245745
245746
245747
245748
245749
245750
245751
245752
245753
245754
245755
245756
245846
245852
245866
245876
245929
245934
245948
245953
245962
245966
245992
246021
246033
246055
246085
246087
246138
246149
246207
246209
246430
246435
246450
246460
246465
246479
246485
246491
246497
246503
246509
246515
246520
246526
246532
246538
246544
246550
246552
246554
246559
246565
246570
246575
246580
246585
246590
246595
246600
246605
246622
246628
246634
246640
246646
246652
246658
246664
246682
246696
246714
246720
246725
246731
246736
246741
246757
246764
246817
246827
246829
246835
246837
246839
246841
246847
246935
246936
246941
246946
246951
246958
246963
246972
246977
246982
246988
246994
247006
247048
247077
247083
247101
247151
247156
247161
247167
247169
247175
247177
247179
247181
247183
247187
247191
247193
247195
247197
247199
247203
247207
247215
247219
247221
247223
247225
247229
247231
247241
247245
247247
247257
247265
247269
247271
247304
247309
247314
247319
247324
247329
247334
247339
247416
247439
247441
247443
247445
247447
247449
247451
247459
247464
247469
247474
247494
247497
247508
247727
247730
247736
247742
247749
247753
247795
247888
247894
247909
247915
247956
247961
247966
247971
247976
247981
247986
247999
248013
248018
248020
248021
248023
248030
248037
248043
248062
248067
248075
248099
248102
248104
248128
248297
248299
248301
248303
248319
248321
248323
248327
248329
248331
248333
248335
248418
248423
248496
248505
248514
248533
248541
248565
248672
248679
248686
248712
248938
248949
248954
248959
248960
248965
248970
248975
248980
248995
249069
249187
249218
249228
249262
249272
249413
249415
249417
249419
249421
249423
249484
249587
249591
249593
249595
249597
249599
249601
249603
249605
249607
249792
249862
249864
249866
249990
250013
250018
250023
250028
250168
250170
250325
251505
251515
251520
251525
251530
251540
251545
251550
251555
251639
251654
251656
251658
251661
252553
252555
252557
252559
252561
253059
253067
253072
253076
253081
253087
253089
253091
253093
253095
253097
253099
253101
253103
253105
253131
253133
253137
253140
253142
253144
253146
253148
253150
253154
253156
253158
253161
253165
253507
254001
254546
254897
255381
255383
255387
255389
255391
255392
255393
255804
255814
255816
256072
256073
256075
256077
256079
256081
256083
256348
256964
256998
257010
257016
257022
257032
257040
257042
257044
258227
258229
258231
258242
258244
